$ 1 0.000005 10.20027730826997 34 5 50 5e-11
a 576 368 768 368 8 15 -15 1000000 -15.000499985000001 -20.000499985 100000
w 448 496 576 496 0
w 576 496 768 496 0
w 576 384 576 416 0
w 576 496 576 464 0
s 576 464 576 416 0 0 false
r 576 352 496 352 0 1000
w 496 352 448 352 0
w 448 496 448 464 0
w 448 352 448 416 0
s 448 416 448 464 0 1 false
r 624 272 720 272 0 1000
w 720 272 768 272 0
w 768 272 768 368 0
w 624 272 576 272 0
w 576 272 576 352 0
w 768 368 832 368 0
w 768 496 832 496 0
w 448 352 400 352 0
w 448 496 400 496 0
v 400 496 400 352 0 0 40 5 0 0 0.5
p 832 368 832 496 3 0 0
w 400 352 352 352 0
w 400 496 352 496 0
p 352 352 352 496 3 0 0
a 560 688 752 688 8 15 -15 1000000 5 5.00010000200004 100000
r 752 688 752 784 0 2
r 752 784 752 896 0 2
w 752 896 832 896 0
w 752 896 416 896 0
w 560 704 560 784 0
w 560 784 752 784 0
w 560 672 416 672 0
w 752 688 832 688 0
g 752 896 752 928 0 0
p 832 896 832 688 3 0 0
v 336 672 416 672 0 0 40 5 0 0 0.5
g 336 672 336 720 0 0
p 416 896 416 672 3 0 0
